#vrms_min vrms_max mean_log_mass std_log_mass n_halos
300.000 350.000 12.469 0.098 331476
350.000 400.000 12.645 0.096 181489
400.000 450.000 12.800 0.094 104301
450.000 500.000 12.939 0.093 61883
500.000 550.000 13.064 0.093 38218
550.000 600.000 13.176 0.095 24311
600.000 650.000 13.278 0.099 15632
650.000 700.000 13.375 0.097 10134
700.000 750.000 13.462 0.099 6804
750.000 800.000 13.543 0.102 4423
800.000 850.000 13.623 0.097 2973
850.000 900.000 13.691 0.104 2013
900.000 950.000 13.758 0.107 1456
950.000 1000.000 13.819 0.110 960
