#vrms_min vrms_max mean_log_mass std_log_mass n_halos
300.000 350.000 12.582 0.099 313456
350.000 400.000 12.762 0.098 177155
400.000 450.000 12.920 0.096 105070
450.000 500.000 13.061 0.096 65020
500.000 550.000 13.187 0.096 41878
550.000 600.000 13.302 0.096 27662
600.000 650.000 13.406 0.099 18243
650.000 700.000 13.504 0.098 12351
700.000 750.000 13.593 0.099 8618
750.000 800.000 13.674 0.102 6069
800.000 850.000 13.753 0.103 4180
850.000 900.000 13.827 0.101 2961
900.000 950.000 13.898 0.104 2183
950.000 1000.000 13.969 0.098 1532
