#vrms_min vrms_max mean_log_mass std_log_mass n_halos
300.000 350.000 12.629 0.100 298101
350.000 400.000 12.811 0.098 169596
400.000 450.000 12.970 0.096 101540
450.000 500.000 13.112 0.096 63721
500.000 550.000 13.239 0.096 41371
550.000 600.000 13.355 0.097 27271
600.000 650.000 13.462 0.096 18565
650.000 700.000 13.560 0.095 12883
700.000 750.000 13.648 0.097 8896
750.000 800.000 13.730 0.101 6269
800.000 850.000 13.811 0.099 4459
850.000 900.000 13.885 0.098 3421
900.000 950.000 13.957 0.098 2337
950.000 1000.000 14.021 0.099 1747
