#vrms_min vrms_max mean_concentration std_concentration n_halos
300.000 350.000 6.085 2.052 505156
350.000 400.000 5.838 1.898 286107
400.000 450.000 5.682 1.818 170857
450.000 500.000 5.576 1.793 106128
500.000 550.000 5.487 1.757 68445
550.000 600.000 5.414 1.748 45447
600.000 650.000 5.383 1.775 30279
650.000 700.000 5.315 1.723 20742
700.000 750.000 5.305 1.748 14505
750.000 800.000 5.259 1.780 10053
800.000 850.000 5.241 1.787 7172
850.000 900.000 5.233 1.802 5195
900.000 950.000 5.188 1.741 3813
950.000 1000.000 5.135 1.668 2685
