#OK
#SQL= select Xoff,  Rvir from miniMDR1..BDMW
#	where snapnum = 66 and Vrms between 300 and 1000
#MAXROWS UNLIMITED
#QUERYTIMEOUT 1400 sec
#DATE 2013-02-09 04:17:56.199 CET
#QUERYTIME 1445 millisec
#COLUMN 1 name=Xoff JDBC_TYPE=7 JDBC_TYPENAME=real
#COLUMN 2 name=Rvir JDBC_TYPE=7 JDBC_TYPENAME=real
Xoff,Rvir
0.0409,0.3536
0.138,0.3226
0.0693,0.3149
0.0301,0.4117
0.0786,0.3162
0.0568,0.3179
0.034,0.1902
0.0479,0.3476
0.0475,0.3523
0.1439,0.2017
0.0333,0.4761
0.105,0.5284
0.0507,0.3967
0.0365,0.4675
0.1054,0.3233
0.1032,0.2149
0.0787,0.3487
0.0556,0.4314
0.0556,0.6355
0.0726,0.3384
0.1932,0.0964
0.0507,0.5291
0.0629,0.3918
0.032,0.4655
0.0209,0.3511
0.0241,0.3453
0.031,0.4415
0.027,0.5916
0.0528,0.8887
0.0885,0.3758
0.0544,0.4426
0.0579,0.3961
0.0259,0.3388
0.1113,0.3299
0.054,0.3168
0.0718,0.5296
0.0618,0.2787
0.0814,0.3984
0.0388,0.3783
0.1866,0.0512
0.0272,0.3129
0.0371,0.3746
0.1103,0.3493
0.0638,0.3808
0.035,0.4064
0.1182,0.8033
0.1227,0.5834
0.0523,0.4096
0.0808,0.349
0.0265,1.0569
0.0562,0.4065
0.0294,0.4042
0.0494,0.7564
0.072,0.3356
0.045,0.3333
0.0464,0.3705
0.0394,0.3637
0.0638,0.3089
0.0759,0.5444
0.0285,0.5358
0.0231,0.1438
0.0122,0.4652
0.089,0.5037
0.0649,0.3285
0.0986,0.378
0.1692,0.0459
0.0647,0.3052
0.0362,0.396
0.1469,0.3692
0.1498,0.2996
0.0757,0.3029
0.1195,0.2686
0.0425,0.3699
0.1158,0.3299
0.0779,0.5789
0.0588,0.9368
0.0223,0.3623
0.1241,0.4495
0.0871,0.3715
0.0741,0.3843
0.1141,0.2108
0.038,0.4353
0.0666,0.3378
0.0956,0.3179
0.0443,0.3172
0.1072,0.393
0.1096,0.3905
0.0618,0.3438
0.069,0.4288
0.0643,0.5192
0.0862,0.1494
0.12,0.5627
0.1167,0.1435
0.1172,0.2088
0.0276,0.4261
0.0644,0.067
0.0906,0.3098
0.0544,0.5972
0.0903,0.373
0.0706,0.3217
0.0473,0.3945
0.0553,0.3936
0.0675,0.3411
0.1036,0.6126
0.1142,0.3692
0.0409,0.3039
0.114,0.0426
0.1779,0.3329
0.0822,0.4705
0.0356,0.4789
0.0954,0.269
0.2338,0.4006
0.0648,0.454
0.0207,0.4275
0.0292,0.3961
0.1803,0.0696
0.0624,0.5599
0.0586,0.5347
0.064,0.3381
0.1035,0.3285
0.0942,0.3657
0.1059,0.0638
0.1184,0.5951
0.1938,0.3688
0.0404,0.5215
0.0415,0.3433
0.0322,0.4777
0.0754,0.3009
0.0397,0.3539
0.0248,0.632
0.1238,0.2312
0.0244,0.1483
0.1055,0.404
0.1592,0.3556
0.1667,0.3913
0.0324,0.416
0.0837,0.2248
0.0593,0.5224
0.1648,0.0518
0.0913,0.3911
0.042,0.2495
0.0158,0.5243
0.2042,0.3288
0.0878,0.3937
0.0599,0.4579
0.0754,0.3805
0.0443,0.418
0.0773,0.3474
0.1048,0.3773
0.0418,0.3632
0.0349,0.3604
0.0373,0.3909
0.1123,0.3076
0.0847,0.3296
0.046,0.3356
0.1068,0.3262
0.0787,0.4277
0.0602,0.3289
0.0331,0.2803
0.0223,0.5662
0.0983,0.3966
0.0708,0.1505
0.0355,0.3515
0.0321,0.4538
0.0548,0.3217
0.0441,0.3548
0.0596,0.4419
0.0469,0.6354
0.0323,0.3964
0.0234,0.2999
0.0477,0.3234
0.0273,0.5793
0.0804,0.4601
0.0236,0.3123
0.1077,0.3441
0.0475,0.3361
0.0882,0.3127
0.054,0.3658
0.0867,0.4902
0.0588,0.3124
0.0218,0.4751
0.0518,0.3813
0.159,0.0536
0.1447,0.1948
0.0799,0.7071
0.0499,0.335
0.0041,0.7083
0.0951,0.3482
0.1069,0.4557
0.1095,0.0257
0.0557,0.4178
0.1489,0.2838
0.0525,0.4185
0.0364,0.3092
0.0332,0.4081
0.0634,0.3305
0.0687,0.4285
0.1222,0.4037
0.0492,0.3791
0.0498,0.319
0.0227,0.3265
0.1299,0.4232
0.0722,0.3414
0.0551,0.3425
0.0482,0.4011
0.0922,0.3458
0.0551,0.346
0.0551,0.3265
0.0352,0.3642
0.0642,0.3206
0.0468,0.3401
0.0529,0.2322
0.5289,0.2591
0.0831,0.3375
0.0655,0.3262
0.0239,0.55
0.09,0.0883
0.0706,0.4058
0.0529,0.1752
0.0528,0.4771
0.0731,0.3726
0.03,0.5356
0.0372,0.3504
0.0563,0.3198
0.0575,0.3411
0.07,0.4427
0.0742,0.131
0.0497,0.3617
0.0982,0.3219
0.0657,0.4893
0.033,0.3426
0.0717,0.2925
0.0283,0.6292
0.1112,0.6553
0.0934,0.3564
0.1875,0.2945
0.0435,0.384
0.0236,0.4425
0.0249,0.0969
0.0462,0.4107
0.0483,0.4915
0.1113,0.4732
0.1051,0.5137
0.1351,0.1468
0.1012,0.3843
0.0834,0.3577
0.0305,0.6257
0.0801,0.2844
0.019,0.3234
0.0735,0.6459
0.1733,0.2991
0.081,0.5278
0.0348,0.5032
0.2076,0.3044
0.0673,0.293
0.0264,0.7124
0.0689,0.2378
0.0629,0.5549
0.1179,0.0546
0.071,0.4183
0.1209,0.1298
0.0228,0.5836
0.0228,0.3087
0.0603,0.3305
0.055,0.5143
0.1208,0.4414
0.0645,0.2794
0.0583,0.3425
0.0387,0.4244
0.0515,0.3773
0.0458,0.3756
0.1521,0.4605
0.1614,0.0666
0.0548,0.2008
0.1061,0.4514
0.0593,0.3308
0.0346,0.3768
0.057,0.343
0.039,0.3617
0.0834,0.3825
0.1024,0.6318
0.0643,0.5381
0.0311,0.3736
0.046,0.5632
0.0862,0.322
0.112,0.5072
0.0376,0.0997
0.0503,0.3514
0.1144,0.555
0.0961,0.0773
0.021,0.5187
0.1103,0.3418
0.088,0.915
0.0314,0.5587
0.0761,0.5839
0.1483,0.9321
0.0377,0.2188
0.0572,0.2966
0.4092,0.1973
0.0573,0.4146
0.0591,0.1912
0.054,0.3285
0.022,0.501
0.0881,0.0299
0.0809,0.6769
0.0465,0.0871
0.0842,0.3237
0.0931,0.3393
0.0352,0.4331
0.1208,0.2505
0.0981,0.2585
0.1032,0.1233
0.0843,0.192
0.1004,0.0554
0.3697,0.1445
0.1217,0.087
0.0356,0.5041
0.0453,0.5902
0.1847,0.3531
0.0411,0.3811
0.1024,0.3696
0.103,0.5434
0.0398,0.3104
0.0368,0.6726
0.0865,0.5481
0.0549,0.4026
0.1907,0.0806
0.0147,0.3807
0.0493,0.415
0.1164,0.4004
0.1991,0.2585
0.0882,0.3795
0.0324,0.2713
0.064,0.4904
0.0532,0.3542
0.1308,0.4103
0.0090,0.298
0.0864,0.5136
0.1024,0.4299
0.1122,0.029
0.1246,0.3559
0.028,0.4064
0.0744,0.3899
0.0442,0.461
0.1592,0.3175
0.0951,0.3791
0.0387,0.2375
0.0501,0.4459
0.0601,0.6265
0.0948,0.4323
0.0674,0.3292
0.0875,0.312
0.053,0.3901
0.1055,0.3489
0.1036,0.3596
0.0359,0.3331
0.0519,0.3394
0.0482,0.3373
0.0499,0.5397
0.1776,0.0763
0.0489,0.5193
0.0454,0.4388
0.0224,0.3331
0.0764,0.3701
0.0374,0.3299
0.0395,0.5019
0.0904,0.3626
0.0753,0.4918
0.1445,0.3084
0.0184,0.4267
0.0323,0.4606
0.1446,0.0428
0.0645,0.4337
0.0951,0.3088
0.1002,0.6191
0.0352,0.3729
0.1045,0.4507
0.0288,0.3104
0.0544,0.5253
0.1589,0.109
0.0572,0.3996
0.0253,0.4754
0.0573,0.2459
0.081,0.3567
0.0604,0.3095
0.0848,0.2365
0.0719,0.3734
0.0232,0.3922
0.0783,0.3287
0.0517,0.4544
0.1708,0.0744
0.1671,0.339
0.0707,0.5293
0.045,0.3418
0.0382,0.3469
0.0179,0.3798
0.1108,0.4669
0.077,0.3056
0.0237,0.4137
0.0543,0.3364
0.0333,0.5592
0.0532,0.311
0.0593,0.3649
0.0345,0.3239
0.03,0.5664
0.0672,0.3994
0.0273,0.3572
0.048,0.3084
0.0172,0.3158
0.0825,0.3274
0.0537,0.4049
0.1749,0.3611
0.0711,0.3416
0.0522,0.4676
0.0809,0.8263
0.1479,0.1699
0.0638,0.3503
0.0755,0.3102
0.024,0.6915
0.0515,0.1692
0.0646,0.3337
0.0793,0.4955
0.1279,0.4096
0.0463,0.3412
0.029,0.3305
0.0599,0.5578
0.0961,0.3639
0.1119,0.2115
0.0535,0.5176
0.1696,0.3396
0.0476,0.3274
0.0406,0.5256
0.0355,0.312
0.068,0.8892
0.0493,0.3101
0.0579,0.3148
0.0297,0.6541
0.0319,0.4019
0.0934,0.3411
0.0485,0.4219
0.067,0.3543
0.0321,0.4556
0.1129,0.344
0.0247,0.4233
0.0503,0.3211
0.0572,0.2995
0.033,0.3189
0.084,0.3362
0.0614,0.4091
0.0174,0.4834
0.0381,0.5025
0.0497,0.3354
0.0181,0.7741
0.0489,0.4616
0.0314,0.7171
0.0525,0.3214
0.0696,0.3303
0.0769,0.5292
0.1054,0.3937
0.0431,0.3247
0.1182,0.3808
0.0591,0.3303
0.1411,0.3111
0.0285,0.543
0.0394,0.3873
0.0404,0.3546
0.1092,0.3435
0.0541,0.3501
0.0819,0.3997
0.0784,0.7432
0.1622,0.3758
0.0972,0.3534
0.0499,0.476
0.1925,0.0421
0.0225,0.4501
0.0555,0.4383
0.0515,0.5765
0.0637,0.347
0.0674,0.3164
0.0475,0.3811
0.0256,0.3765
0.0334,0.3723
0.0367,0.4714
0.0211,0.3488
0.0514,0.4749
0.0278,0.3509
0.0547,0.4793
0.0238,0.6373
0.0149,0.5051
0.0367,0.3528
0.0576,0.3821
0.1545,0.0281
0.1902,0.0483
0.1159,0.2849
0.1504,0.3812
0.0061,0.3559
0.0253,0.3698
0.0488,0.3952
0.0825,0.4041
0.018,0.4143
0.0651,0.3468
0.0583,0.3448
0.0621,0.2989
0.1362,0.505
0.0447,0.4036
0.022,0.3019
0.1035,0.155
0.0932,0.5314
0.0147,0.6038
0.0344,0.4487
0.3427,0.2236
0.1239,0.409
0.1752,0.0347
0.0542,0.6506
0.1024,0.3468
0.0306,0.3519
0.1332,0.1294
0.0816,0.0482
0.0207,0.2236
0.0108,0.5768
0.0381,0.3273
0.0323,0.3582
0.0666,0.4812
0.1017,0.3282
0.0894,0.4216
0.032,0.5601
0.0971,0.3893
0.1792,0.4506
0.0667,0.3763
0.0174,0.6266
0.11,0.5252
0.0399,0.3121
0.0621,0.3037
0.1626,0.2218
0.0589,0.3808
0.1786,0.2139
0.0487,0.2868
0.0706,0.4485
0.0361,0.3958
0.0304,0.3327
0.091,0.2579
0.0304,0.3057
0.0311,0.4786
0.0231,0.313
0.0436,0.3409
0.1646,0.3666
0.1116,0.485
0.0722,0.3658
0.0689,0.3819
0.1348,0.5997
0.0378,0.4204
0.1527,0.1871
0.065,0.9238
0.0157,0.3685
0.0179,0.4196
0.0946,0.2998
0.0709,0.3211
0.189,0.3211
0.145,0.3028
0.0742,0.3317
0.0144,0.5618
0.0407,0.7099
0.0602,0.4076
0.0363,0.3432
0.0899,0.4847
0.0191,0.3982
0.0067,0.4702
0.0286,0.3888
0.0562,0.2313
0.0113,0.7142
0.0405,0.4371
0.018,0.3288
0.0365,0.4006
0.0844,0.3196
0.0219,0.8825
0.0444,0.3789
0.0368,0.6419
0.088,0.3305
0.0987,0.316
0.0084,0.5461
0.1351,0.5562
0.0833,0.3293
0.0338,0.3474
0.0392,0.4829
0.0569,0.401
0.0612,0.334
0.0352,0.5414
0.0075,0.4394
0.0696,0.3068
0.1429,0.0663
0.0377,0.337
0.0542,0.3426
0.0293,0.2237
0.1217,0.3257
0.0555,0.1896
0.0653,0.0419
0.0834,0.3544
0.0946,0.4721
0.0564,0.4239
0.0497,0.3243
0.0874,0.3753
0.0743,0.3491
0.0126,0.3177
0.0273,0.3443
0.1093,0.1038
0.0657,0.1374
0.0709,0.7642
0.0837,0.3655
0.0441,0.3534
0.1,0.5333
0.089,0.3712
0.0603,0.4092
0.1597,0.3255
0.0312,0.3237
0.0689,0.3899
0.0534,0.3336
0.0234,0.3148
0.1254,0.3049
0.091,0.4064
0.1135,0.5211
0.0605,0.6521
0.0725,0.3423
0.0409,0.4995
0.0539,0.4007
0.0797,0.3227
0.0728,0.3121
0.0817,0.3785
0.0538,0.4065
0.039,0.3944
0.0215,0.3033
0.1422,0.1502
0.0491,0.3779
0.0251,0.3836
0.1874,0.5036
0.033,0.3831
0.0753,0.3759
0.0792,0.3626
0.157,0.1044
0.0294,0.3287
0.0608,0.6058
0.0468,0.5382
0.0262,0.315
0.0463,0.3549
0.0205,0.8155
0.0251,0.3838
0.0348,0.7333
0.0607,0.4848
0.2274,0.3439
0.0349,0.4748
0.055,0.3265
0.032,0.5675
0.0197,0.476
0.0302,0.3742
0.0573,0.3144
0.0864,0.4226
0.0667,0.3513
0.1259,0.3248
0.0822,0.0671
0.0333,0.4284
0.0319,0.3218
0.0473,0.3536
0.0514,0.5292
0.0386,0.4932
0.0314,0.6
0.0255,0.4529
0.0776,0.3648
0.0394,0.4348
0.0339,0.3593
0.0218,0.3309
0.0736,0.7761
0.0885,0.3721
0.0328,0.3363
0.0893,0.4981
0.2181,0.382
0.0724,0.5998
0.0438,0.3868
0.0359,0.3804
0.0358,0.3798
0.0281,0.3669
0.0494,0.7804
0.0192,0.3101
0.0934,0.459
0.1676,0.4039
0.0255,0.3806
0.1227,0.1646
0.068,0.3082
0.0401,0.2956
0.0318,0.2794
0.0458,0.5126
0.0472,0.3322
0.0772,0.3798
0.0315,0.3974
0.0524,0.4943
0.0277,0.3536
0.0467,0.4491
0.1589,0.0697
0.0807,0.3688
0.019,0.3943
0.0619,0.4038
0.0145,0.8989
0.0698,0.3649
0.0266,0.5578
0.0708,0.4086
0.1462,0.3654
0.0756,0.4079
0.0751,0.3651
0.0449,0.362
0.0554,0.3471
0.0743,0.3637
0.0735,0.3186
0.1755,0.1137
0.0887,0.7864
0.0503,0.3239
0.1355,0.4759
0.0621,0.3476
0.0326,0.7385
0.0961,0.3981
0.0227,0.4046
0.0652,0.4476
0.1278,0.5332
0.0863,0.587
0.105,0.4532
0.0826,0.2999
0.0503,0.3525
0.0384,0.3448
0.0522,0.3679
0.0666,0.504
0.0448,0.8154
0.1672,0.07
0.0568,0.5744
0.0542,0.3185
0.0262,0.393
0.0683,0.7184
0.1151,0.1007
0.0761,0.3377
0.0549,0.2918
0.0379,0.0367
0.0395,0.458
0.0786,0.3785
0.0309,0.4415
0.0222,0.3987
0.0554,0.4974
0.0438,0.4067
0.0428,0.5244
0.0352,0.3411
0.1879,0.0888
0.0536,0.3361
0.0477,0.5634
0.1316,0.3504
0.1442,0.2309
0.0468,0.3994
0.1239,0.4594
0.0702,0.3764
0.0498,0.3301
0.0308,0.3884
0.1416,0.3308
0.1735,0.063
0.062,0.5027
0.0832,0.3228
0.0432,0.3548
0.0398,0.4823
0.0847,0.3105
0.0944,0.3785
0.0675,0.3955
0.0203,0.4517
0.034,0.3694
0.0629,0.58
0.0345,0.3058
0.0906,0.4552
0.0702,0.3393
0.0432,0.5613
0.0809,0.4024
0.0372,0.3521
0.0436,0.2423
0.0578,0.3667
0.0824,0.3466
0.0656,0.5261
0.0322,0.3317
0.0955,0.392
0.0179,0.36
0.048,0.3176
0.0371,0.3009
0.0785,0.4587
0.0799,0.3198
0.0597,0.1549
0.0183,0.3229
0.0394,0.4263
0.0893,0.3193
0.1427,0.3457
0.0876,0.2592
0.0286,0.5974
0.0548,0.364
0.0692,0.3607
0.0341,0.3115
0.0494,0.3178
0.0461,0.3198
0.0311,0.4737
0.1989,0.0436
0.0491,0.5484
0.1028,0.2854
0.0449,0.6644
0.0142,0.3797
0.096,0.3944
0.0503,0.3649
0.0482,0.4136
0.0133,0.4829
0.0991,0.3146
0.0566,0.6665
0.0095,0.4887
0.0163,0.4036
0.0494,0.31
0.1119,0.3523
0.0225,0.4103
0.0555,0.3278
0.0347,0.4654
0.1291,0.3355
0.1974,0.0993
0.0415,0.3569
0.1593,0.3628
0.0885,0.0545
0.1063,0.3028
0.0684,0.4297
0.1037,0.2883
0.0949,0.7034
0.02,0.396
0.0499,0.3108
0.0413,0.3513
0.0989,0.5726
0.0276,0.3354
0.0597,0.2902
0.0676,0.3388
0.0285,0.3413
0.1587,0.3645
0.06,0.8039
0.0295,0.3861
0.0251,0.3751
0.1125,0.331
0.0353,0.3496
0.0459,0.4984
0.1609,0.0324
0.0515,0.3521
0.051,0.3286
0.0885,0.5281
0.0339,0.31
0.0854,0.2707
0.0445,0.388
0.0632,0.6324
0.04,0.3602
0.0369,0.3791
0.1176,0.1512
0.0501,0.3567
0.2253,0.3695
0.0314,0.3227
0.0799,0.3682
0.1127,0.3996
0.0235,0.4586
0.2418,0.5492
0.1512,0.3677
0.0446,0.3351
0.0345,0.6631
0.0366,0.5472
0.0422,0.3015
0.0442,0.4525
0.0752,0.4263
0.0773,0.3056
0.0502,0.479
0.0371,0.358
0.0919,0.4767
0.0934,0.4801
0.1638,0.3277
0.0537,0.3119
0.1267,0.3308
0.0341,0.4452
0.0364,0.342
0.1159,0.7409
0.0407,0.495
0.0421,0.3623
0.0067,0.3578
0.0777,0.4181
0.0163,0.5817
0.0544,0.382
0.049,0.8901
0.0682,0.1718
0.0419,0.5395
0.0832,0.0296
0.0591,0.4506
0.0931,0.1264
0.0789,0.5494
0.0512,0.3278
0.1063,0.3218
0.0156,0.5888
0.1667,0.1723
0.1716,0.4975
0.128,0.4385
0.0354,0.5725
0.0998,0.3606
0.0639,0.3292
0.1879,0.4889
0.0957,0.3262
0.0547,0.5434
0.0298,0.4945
0.079,0.3902
0.0696,0.4762
0.1484,0.3617
0.0673,0.1604
0.0342,0.4171
0.0904,0.1916
0.0423,0.3411
0.034,0.3163
0.0583,0.3284
0.0551,0.4448
0.0029,0.4739
0.0458,0.3297
0.0232,0.7233
0.0382,0.3127
0.06,0.0307
0.1107,0.3297
0.0274,0.2768
0.0381,0.6899
0.033,0.3575
0.0783,0.3436
0.0345,0.3582
0.0318,0.3183
0.1004,0.4466
0.1408,0.3678
0.0503,0.4454
0.0369,0.1334
0.1436,0.2004
0.1358,0.0668
0.0684,0.3768
0.0473,0.365
0.1053,0.3827
0.0483,0.354
0.0549,0.3833
0.0382,0.3276
0.0277,0.4868
0.063,0.3191
0.0243,0.4609
0.0419,0.3305
0.0659,0.3934
0.1491,0.0263
0.0927,0.3574
0.1134,0.0394
0.0527,0.4195
0.0824,0.4835
0.0501,0.5188
0.1639,0.9484
0.0269,0.4082
0.0501,0.4543
0.0497,0.538
0.0741,0.3147
0.0338,0.3384
0.1141,0.3777
0.0991,0.4557
0.0394,0.6232
0.0197,0.3343
0.0784,0.8715
0.1365,0.2473
0.0609,0.2326
0.023,0.3231
0.0458,0.6089
0.0211,0.5189
0.0661,0.42
0.0291,0.9383
0.05,0.3322
0.0256,0.8977
0.2095,0.3576
0.0688,0.4155
0.0309,0.3386
0.0839,0.3293
0.0505,0.4048
0.03,0.3526
0.1229,0.3321
0.0791,0.4617
0.0575,0.8373
0.0915,0.4175
0.0889,0.358
0.1721,0.4096
0.0414,0.4235
0.0269,0.4431
0.1269,0.0435
0.1471,0.0535
0.0875,0.3728
0.0598,0.3426
0.1272,0.3243
0.0378,0.2304
0.0135,0.9643
0.1954,0.0339
#OK
